0.482050050720731 1.326985838400477
0.48378232479858807 1.010310372434252
0.48551459887644516 2.11637731260729
0.48724687295430225 2.3992384255438157
0.4889791470321593 2.5802893468702375
0.49590824334358763 4.019553887374753
0.4976405174214447 3.5789460544047635
0.4993727914993018 4.594078232276369
0.5063018878107302 5.752109147316396
0.5080341618885872 6.068225300474766
0.5132309841221584 6.784110164218494
0.5149632582000155 5.943510538653888
0.5166955322778726 6.465925013206115
0.5184278063557297 6.541515090971014
0.5201600804335867 6.0247408758904335
0.5218923545114438 6.397629941087744
0.5236246285893009 6.453755508760118
0.525356902667158 6.888045991751736
0.5270891767450151 7.092494653407921
0.5288214508228721 6.981287600238241
0.5305537249007293 8.428107707715569
0.5322859989785863 9.333481750244653
0.5340182730564433 7.258206760847684
0.5357505471343005 7.477578519619272
0.5374828212121575 8.629055446675062
0.5392150952900147 8.204999046788414
0.5409473693678717 8.781452175042409
0.5426796434457288 9.153580637514931
0.5444119175235859 9.620983281011492
0.5461441916014429 9.106080003688355
0.5478764656793 11.101390931952626
0.5496087397571571 9.497013353503915
0.5513410138350142 8.737546264279155
0.5530732879128712 9.112860424483195
0.5548055619907284 8.88058562269142
0.5565378360685854 8.52782346844941
0.5582701101464425 8.762351903048875
0.5600023842242996 8.139958982846128
0.5617346583021566 7.898696679730326
0.5634669323800138 7.936108531042301
0.5651992064578708 7.759490733397522
0.566931480535728 7.825050582546549
0.568663754613585 7.910032499421136
0.570396028691442 7.807671778404547
0.5721283027692992 8.305741992169766
0.5738605768471562 8.738675643325355
0.5755928509250133 9.142381137505158
0.5773251250028704 10.203080499428872
0.5790573990807275 10.58305026542649
0.5807896731585845 10.753667798744095
0.5825219472364416 11.228610230273139
0.5842542213142987 11.180108651502195
0.5859864953921557 11.15109518754957
0.5877187694700129 11.787962289638429
0.5894510435478699 11.756187138383243
0.5911833176257271 12.266589851470382
0.5929155917035841 11.855057776223909
0.5946478657814411 12.838886442042906
0.5963801398592983 12.500304165455761
0.5981124139371553 12.926747105838098
0.5998446880150125 12.6948410772945
0.6015769620928695 13.245587790463519
0.6033092361707266 13.679072313400756
0.6050415102485837 13.797419130828324
0.6067737843264408 14.813302306531169
0.6085060584042978 13.98036028462098
0.610238332482155 14.562260655843899
0.611970606560012 14.147399125168969
0.613702880637869 13.536981280623309
0.6154351547157262 13.722433016534675
0.6171674287935832 13.609847372214267
0.6188997028714402 13.30147271506982
0.6206319769492974 13.264495193394861
0.6223642510271545 13.238140147492171
0.6240965251050116 13.416343228303152
0.6258287991828686 13.154679208032197
0.6275610732607257 13.19168053831522
0.6292933473385828 13.015144773041502
0.6310256214164398 13.483243572855695
0.632757895494297 13.034174617154134
0.6344901695721541 13.086555391172253
0.6362224436500111 12.955030079542395
0.6379547177278682 12.927647319112321
0.6396869918057253 13.134050364618735
0.6414192658835823 12.977628271497231
0.6431515399614395 13.15693555219614
0.6448838140392965 13.220049150134257
0.6466160881171537 13.144213281405516
0.6483483621950107 13.186956407490381
0.6500806362728677 13.141241260209586
0.6518129103507249 13.067957609378496
0.6535451844285819 13.125319329654225
0.655277458506439 13.440497831400833
0.6570097325842961 13.322907785854074
0.6587420066621532 13.376523655199778
0.6604742807400102 13.488716704642627
0.6622065548178673 13.411572610628284
0.6639388288957244 13.661513771646552
0.6656711029735815 13.762801998982722
0.6674033770514386 13.704744275195852
0.6691356511292956 13.920975294735523
0.6708679252071528 13.977461445208354
0.6726001992850098 13.977072127425924
0.6743324733628668 14.114492196312291
0.676064747440724 14.02711295641192
0.677797021518581 14.28734726565928
0.6795292955964382 13.950929773162642
0.6812615696742952 14.475705922552384
0.6829938437521523 14.389158499195016
0.6847261178300094 14.058919874875059
0.6864583919078664 13.78600651739428
0.6881906659857235 13.982638373163836
0.6899229400635806 13.937844706967038
0.6916552141414377 13.915143967039889
0.6933874882192947 14.077459450126364
0.6951197622971519 14.240097955577983
0.6968520363750089 13.73299695716429
0.698584310452866 13.897940100095965
0.7003165845307231 14.06986955002682
0.7020488586085801 13.906224970471971
0.7037811326864373 13.973914342231728
0.7055134067642943 14.00466987043064
0.7072456808421514 13.888528999942807
0.7089779549200085 14.12676206471626
0.7107102289978655 14.035413088649484
0.7124425030757227 13.95156800436476
0.7141747771535797 14.01446129714977
0.7159070512314368 14.041251501107498
0.7176393253092939 14.086756909713895
0.719371599387151 14.134319349744601
0.721103873465008 14.024902184094977
0.7228361475428651 14.03068962124441
0.7245684216207222 14.111749191480605
0.7263006956985792 13.88951761844385
0.7280329697764364 13.975275272899534
0.7297652438542934 14.228223456678405
0.7314975179321506 14.322551726997832
0.7332297920100076 14.302190265282924
0.7349620660878646 14.114532268182103
0.7366943401657218 14.116608689559243
0.7384266142435789 14.008890695384462
0.740158888321436 14.178689082186132
0.741891162399293 14.357528658729333
0.7436234364771501 14.242638382629304
0.7453557105550072 14.04566295389574
0.7470879846328642 14.381271914839973
0.7488202587107213 14.218828615953463
0.7505525327885785 14.238708054506658
0.7522848068664355 14.258490483140077
0.7540170809442925 14.233880827469
0.7557493550221497 14.070395005567947
0.7574816291000067 14.067110147857624
0.7592139031778637 13.991310264379134
0.7609461772557209 14.077657608113322
0.762678451333578 14.092015790401469
0.7644107254114351 14.636692469558257
0.7661429994892921 14.024651361871783
0.7678752735671492 14.018451587439412
0.7696075476450063 14.127548328918863
0.7713398217228633 13.935038943291314
0.7730720958007204 14.22094224632493
0.7748043698785776 14.168347720531179
0.7765366439564346 13.981997210144087
0.7782689180342917 14.197407953947442
0.7800011921121488 14.021344923619687
0.7817334661900058 13.852686478293712
0.7834657402678629 14.061997243533394
0.78519801434572 13.866616564569394
0.7869302884235772 13.90973868675006
0.7886625625014342 14.054431293157576
0.7903948365792912 14.108270653909132
0.7921271106571484 14.074809220568136
0.7938593847350054 14.131825672928958
0.7955916588128624 14.218553108654117
0.7973239328907196 13.899131816809605
0.7990562069685767 13.799590753982368
0.8007884810464337 13.804949164781217
0.8025207551242908 13.63232848005783
0.8042530292021479 13.7140761281421
0.805985303280005 13.921032275458852
0.807717577357862 13.813239482485377
0.8094498514357191 14.101136376257292
0.8111821255135763 13.886630907145115
0.8129143995914333 13.742019724583766
0.8146466736692903 13.580329031442027
0.8163789477471475 13.56871373389167
0.8181112218250045 13.374985889033539
0.8198434959028615 13.694800941534009
0.8215757699807187 13.533743449357587
0.8233080440585758 13.537174721511978
0.8250403181364329 13.57373720629646
0.8267725922142899 13.482738058085134
0.828504866292147 13.517710132690958
0.8302371403700042 13.40072724785103
0.8319694144478611 13.494936062308192
0.8337016885257182 13.582551675524122
0.8354339626035754 13.537005781306327
0.8371662366814324 13.691425642880162
0.8388985107592895 13.431890435817188
0.8406307848371466 13.501289164042696
0.8423630589150037 13.634220002847954
0.8440953329928607 13.583791868944227
0.8458276070707178 13.5345145578822
0.847559881148575 13.436123989695748
0.849292155226432 13.456684908746606
0.851024429304289 13.69840543826418
0.8527567033821462 13.707218758702384
0.8544889774600033 13.717013764811618
0.8562212515378602 13.513608309410465
0.8579535256157174 13.738272635580646
0.8596857996935745 13.487177115016717
0.8614180737714315 13.435844824803974
0.8631503478492886 13.58173993358711
0.8648826219271457 13.588327212269325
0.8666148960050029 13.619546865236519
0.8683471700828599 13.452832366456281
0.8700794441607169 13.43786243595591
0.8718117182385741 13.5061399399976
0.8735439923164311 13.447238998991702
0.8752762663942881 13.411139064352113
0.8770085404721453 13.456882133700729
0.8787408145500024 13.485636511199777
0.8804730886278594 13.564996811900011
0.8822053627057165 13.192415264326321
0.8839376367835736 13.505698133720298
0.8856699108614307 13.441285684221274
0.8874021849392877 13.27260253695843
0.8891344590171448 12.992510767289048
0.890866733095002 13.258458621916272
0.892599007172859 13.327416591551989
0.894331281250716 13.203490956886021
0.8960635553285732 12.988349923652308
0.8977958294064302 12.863457510617518
0.8995281034842872 12.956810613883498
0.9012603775621444 13.062036797154535
0.9029926516400015 12.925055540158471
0.9047249257178586 12.910892015426501
0.9064571997957156 13.000313004283203
0.9081894738735727 12.986899599428206
0.9099217479514298 12.691311218513617
0.9116540220292868 12.843756212772583
0.913386296107144 12.882424357418348
0.9151185701850011 12.77617708496431
0.9168508442628581 12.783246953217468
0.9185831183407152 12.77562371030728
0.9203153924185723 12.680476227911697
0.9220476664964293 12.647120536052785
0.9237799405742864 12.551324951323704
0.9255122146521435 12.642102584041794
0.9272444887300006 12.641438016413147
0.9289767628078577 12.574972406002463
0.9307090368857147 12.409773518901913
0.9324413109635719 12.504915432869078
0.9341735850414289 12.485653488675718
0.9359058591192859 12.684703061284491
0.9376381331971431 12.324295438159687
0.9393704072750002 12.372108280931087
0.9411026813528572 12.379339946522109
0.9428349554307143 12.366849155280786
0.9445672295085714 12.437647781571325
0.9462995035864284 12.35313731169401
0.9480317776642855 12.591561690752762
0.9497640517421426 12.359009779017235
0.9514963258199998 12.415847907364737
0.9532285998978568 12.4530586236938
0.9549608739757138 12.458157860809163
0.956693148053571 12.584920610701161
0.958425422131428 12.587175457263356
0.960157696209285 12.95811150957389
0.9618899702871422 13.145882686912783
0.9636222443649993 13.024798678344483
0.9653545184428564 12.913130150380724
0.9670867925207134 13.335447948809385
0.9688190665985705 13.587156213162737
0.9705513406764276 13.837784431308997
0.9722836147542846 14.123984884245509
0.9740158888321417 14.229034920858282
0.9757481629099989 15.533309444253124
0.9774804369878559 15.796643128659186
0.979212711065713 16.85239448932676
0.9809449851435701 16.12403090092799
0.999999999999998 13.419961630683648
