0.496917617393727 0.022730783618603336
0.5171082146889617 5.7919597858521215
0.5187907644635646 6.130037508611591
0.5204733142381676 5.864896265378021
0.5221558640127705 5.220053519767257
0.5238384137873734 6.193627470769552
0.5255209635619763 5.572094400909164
0.5272035133365792 6.079199700011658
0.528886063111182 7.734428949796222
0.5305686128857849 8.420195064811141
0.5339337124349908 10.077452371942913
0.5372988119841966 10.012443726311314
0.5389813617587995 9.328278479590734
0.5406639115334023 11.490761618706841
0.5423464613080052 10.953737893956141
0.5440290110826081 12.410919315902849
0.5524417599556226 13.959106038316502
0.5591719590540343 15.322477613936183
0.564219608377843 16.38935126026757
0.5675847079270487 17.175487121340907
0.5743149070254604 18.212638346148765
0.5860927554476807 20.057369504470934
0.5928229545460922 21.118806486478363
0.5961880540952981 21.447528836935067
0.597870603869901 20.64507021715702
0.6062833527429154 22.85265184407113
0.6197437509397387 24.2660540615462
0.629839049587356 24.445591984953747
0.6332041491365619 24.73603574223911
0.6348866989111648 24.89898159115783
0.6365692486857677 24.931337491388778
0.6382517984603706 24.38201051250072
0.6399343482349735 25.859322642580583
0.6416168980095763 25.317710385173488
0.6432994477841792 25.41819551151127
0.6449819975587822 25.544195966601027
0.6466645473333851 24.518803320379575
0.648347097107988 25.013366675265296
0.6500296468825908 25.106380771807583
0.6517121966571937 24.9584277055385
0.6533947464317966 24.566884679455633
0.6550772962063995 23.851487361308976
0.6567598459810025 24.599020453913177
0.6584423957556054 23.837057778800787
0.6601249455302083 23.816988501442697
0.6618074953048112 23.928406728644696
0.6634900450794141 23.61082172572824
0.6651725948540169 23.70573190296916
0.6668551446286198 23.642677027677585
0.6685376944032227 23.224823264755386
0.6702202441778257 23.43631405644839
0.6719027939524286 23.348050019138466
0.6735853437270315 23.512132010102984
0.6752678935016343 23.294074096401573
0.6769504432762372 23.233665368014936
0.6786329930508401 23.092883261507676
0.680315542825443 23.133058809505645
0.681998092600046 23.05216981624799
0.6836806423746489 23.13268300972104
0.6853631921492518 23.333393461593054
0.6870457419238547 23.490557843768432
0.6887282916984576 23.454314172080334
0.6904108414730604 23.54344866336506
0.6920933912476633 23.606929331524555
0.6937759410222663 23.762409778474524
0.6954584907968692 23.877559151295014
0.6971410405714721 23.61333218846638
0.6988235903460749 23.959251814091427
0.7005061401206778 23.917870525373193
0.7021886898952807 23.962943175226282
0.7038712396698836 23.942015123942383
0.7055537894444865 24.134064218557164
0.7072363392190895 24.163377003016496
0.7089188889936924 24.115386337719723
0.7106014387682953 24.516134513976525
0.7122839885428982 24.418485025513327
0.713966538317501 24.258315292346165
0.7156490880921039 24.061511561595857
0.7173316378667068 24.47982902735617
0.7190141876413098 24.554079123986746
0.7206967374159127 24.472186257490833
0.7223792871905156 24.360266227004775
0.7240618369651184 24.66332595557826
0.7257443867397213 24.61729007725749
0.7274269365143242 24.768871136002183
0.7291094862889271 24.792408400973986
0.73079203606353 24.67720351091116
0.732474585838133 24.795668483865338
0.7341571356127359 24.775296985782727
0.7358396853873388 24.570452708025567
0.7375222351619417 25.00269133403923
0.7392047849365445 24.783481874724192
0.7408873347111474 24.764604379054905
0.7425698844857503 24.72686648213402
0.7442524342603533 25.01726887950923
0.7459349840349562 24.792126175182773
0.747617533809559 25.064781489842918
0.7493000835841619 24.79748198996008
0.7509826333587648 24.83963409863036
0.7526651831333677 25.032388987272412
0.7543477329079706 24.922626144478894
0.7560302826825736 24.86423546891928
0.7577128324571765 25.006058363795596
0.7593953822317794 25.046930203933425
0.7610779320063823 24.98276767442019
0.7627604817809852 25.08599836345658
0.7644430315555881 25.17239394569091
0.7661255813301909 25.42591842436318
0.7678081311047938 24.9792257561157
0.7694906808793968 25.036629203333888
0.7711732306539996 25.015261187053273
0.7728557804286025 24.878962256047647
0.7745383302032054 25.069138446884004
0.7762208799778083 24.929064081439254
0.7779034297524112 25.223288219121056
0.7795859795270141 25.13964891034379
0.781268529301617 25.080712627432895
0.78295107907622 25.081072440049102
0.7846336288508229 25.148748129337225
0.7863161786254258 25.06064834073087
0.7879987284000287 25.146563953231833
0.7896812781746315 25.05864560762102
0.7913638279492344 25.592468822464912
0.7930463777238373 25.10767844964067
0.7947289274984403 25.06111048511622
0.7964114772730431 25.175013518420794
0.798094027047646 25.376749139064465
0.7997765768222489 25.12659178772374
0.8014591265968518 25.517422537665716
0.8031416763714547 25.275847637478595
0.8048242261460576 25.17508362494762
0.8065067759206606 25.343587756131825
0.8081893256952635 25.362538223627187
0.8098718754698664 25.415744902434835
0.8115544252444693 25.41643980766835
0.8132369750190722 25.379979922165187
0.814919524793675 25.45336081728472
0.8166020745682779 25.74779018651175
0.8182846243428809 25.52743821269385
0.8199671741174838 25.340594285436886
0.8216497238920866 25.421729549783137
0.8233322736666895 25.478787848339486
0.8250148234412924 25.498709796679986
0.8266973732158953 25.437756153774213
0.8283799229904982 25.649971030483197
0.8300624727651011 25.36143021247514
0.8317450225397041 25.550812856239748
0.833427572314307 25.391187272239534
0.8351101220889099 25.486924444171457
0.8367926718635128 25.539978819644634
0.8384752216381156 25.696552638797737
0.8401577714127185 25.605039826630694
0.8418403211873214 25.745890370484457
0.8435228709619244 25.657721323713215
0.8452054207365272 25.732868844975588
0.8468879705111301 25.64992029955477
0.848570520285733 25.820110676221415
0.8502530700603359 25.799843511713963
0.8519356198349388 26.086212030554254
0.8536181696095417 26.036224817379292
0.8553007193841446 25.874491621780287
0.8569832691587476 26.078174699449658
0.8586658189333505 25.80587823867343
0.8603483687079534 26.08980545329859
0.8620309184825563 26.18032909350574
0.8637134682571591 26.195626611596207
0.865396018031762 26.145784901402447
0.8670785678063649 25.94135247378541
0.8687611175809679 26.124884959639115
0.8704436673555707 26.29732043956215
0.8721262171301736 26.30149851062988
0.8738087669047765 26.202352989943503
0.8754913166793794 26.119236997868512
0.8771738664539823 26.256778791179034
0.8788564162285852 26.409582803357175
0.8805389660031882 26.195545883932393
0.8822215157777911 26.37157697205228
0.883904065552394 26.467325313325457
0.8855866153269969 26.32377754564192
0.8872691651015998 26.412445057410768
0.8889517148762026 26.556940061698548
0.8906342646508055 26.523743698649223
0.8923168144254084 26.631551811591912
0.8939993642000112 26.59165816360775
0.8956819139746142 26.726815583870856
0.8973644637492171 26.818394433235305
0.89904701352382 26.977172337294594
0.9007295632984229 27.228964199670635
0.9024121130730258 26.99685046914442
0.9040946628476287 27.24000704908563
0.9057772126222317 27.05682304913245
0.9074597623968346 27.18749526988004
0.9091423121714375 27.469107004796207
0.9108248619460404 27.60320875162401
0.9125074117206432 27.32460847800215
0.9141899614952461 27.57730361448817
0.915872511269849 27.547528436867406
0.917555061044452 27.714977591342553
0.9192376108190548 27.793160342415078
0.9209201605936577 27.828580507602886
0.9226027103682606 27.89531401402684
0.9242852601428635 27.846474925109096
0.9259678099174664 28.06922707232067
0.9276503596920693 28.14446204260849
0.9293329094666722 28.258625144460314
0.9310154592412752 28.205985764763742
0.9326980090158781 28.32737026849191
0.934380558790481 28.590368235561712
0.9360631085650839 28.612533031778188
0.9377456583396867 28.626214216139527
0.9394282081142896 28.997491876090187
0.9411107578888925 29.133770243760075
0.9427933076634955 29.453786414888242
0.9444758574380983 29.56470509791524
0.9461584072127012 29.520668229026203
0.9478409569873041 30.07852100351849
0.949523506761907 29.809217366521953
0.9512060565365099 30.46483565042532
0.9528886063111128 30.82639343775745
0.9545711560857157 31.0360868439039
0.9562537058603187 31.390589042508186
0.9579362556349216 32.11930552850747
0.9596188054095245 33.52928435308885
0.9613013551841274 33.548137092869446
0.9629839049587302 33.58444350785473
0.9680315542825388 33.62772661169413
0.999999999999994 30.456982709630335
