0.491604189624711 1.4788167363851104
0.4949074281242907 2.7874143397438202
0.4982106666238705 3.3957276232156586
0.49986228587366033 2.2243841235378956
0.5015139051234503 2.5489565379365176
0.5031655243732401 2.7439366757584707
0.50481714362303 3.0629692426120934
0.5064687628728198 2.8938457570019347
0.5081203821226097 2.737193921853409
0.5097720013723996 4.497948718319142
0.5114236206221895 3.4818502088206205
0.5130752398719793 3.5145058944215766
0.5147268591217693 4.355138347376432
0.5163784783715591 3.977134756766975
0.518030097621349 4.2328007917926005
0.5196817168711388 4.816371351544449
0.5213333361209287 6.174081864990084
0.5229849553707187 5.2709516188337115
0.5262881938702983 6.080378415225844
0.5279398131200883 6.5922758399095684
0.5295914323698782 7.9032297006957855
0.531243051619668 6.4654118158807865
0.5328946708694579 6.904289961238092
0.5345462901192477 7.400262785967945
0.5361979093690377 6.457966567575818
0.5378495286188275 7.512176320473879
0.5395011478686174 6.949181230902733
0.5411527671184073 7.379858111949915
0.5428043863681972 7.735883667930043
0.544456005617987 7.749867421702708
0.5461076248677769 7.618630716127829
0.5477592441175667 7.114232428479635
0.5494108633673567 8.053179157356874
0.5510624826171465 7.547500820575966
0.5527141018669364 7.6354186898781204
0.5543657211167263 7.279526807613344
0.5560173403665162 7.144721323792993
0.557668959616306 7.503744573100333
0.5593205788660959 7.5341725693393915
0.5609721981158857 7.275255614343935
0.5626238173656757 7.229212509493042
0.5642754366154655 7.301353962928937
0.5659270558652554 7.0952824359219395
0.5675786751150453 6.906742666163716
0.5692302943648352 7.511565199480339
0.570881913614625 7.130990462408727
0.5725335328644149 7.149764796200323
0.5741851521142047 7.329768509280077
0.5758367713639947 7.197598901369107
0.5774883906137845 7.153709702498343
0.5791400098635744 7.3868743286368
0.5807916291133643 7.230770839068791
0.5824432483631542 7.176918404570561
0.584094867612944 7.080544004686585
0.5857464868627339 7.096451835175383
0.5873981061125237 7.01996670937374
0.5890497253623137 7.218696303536213
0.5907013446121036 7.174819512814144
0.5923529638618934 7.07774677676853
0.5940045831116834 6.95741429877577
0.5956562023614732 7.006493113719969
0.5973078216112631 7.037426332628538
0.5989594408610529 7.0494007333621
0.6006110601108428 7.127725575325538
0.6022626793606327 7.148827658068637
0.6039142986104226 7.2242160329625715
0.6055659178602124 7.430896395756838
0.6072175371100024 7.399548866575591
0.6088691563597922 7.592505267333186
0.6105207756095821 7.5854297333711465
0.6121723948593719 7.682703256130026
0.6138240141091618 7.688289243616447
0.6154756333589517 7.841636699453373
0.6171272526087416 7.881887788285262
0.6187788718585314 7.936783849627744
0.6204304911083214 8.06932528919774
0.6220821103581112 7.899297863609027
0.6237337296079011 7.934549747663427
0.6253853488576909 7.985132752028081
0.6270369681074808 7.966772953162497
0.6286885873572707 8.110330496971562
0.6303402066070606 8.024517137243906
0.6319918258568504 8.076414486675297
0.6336434451066404 8.099343691827764
0.6352950643564302 8.041284341947915
0.6369466836062201 8.05416312282223
0.6385983028560099 8.049106989639206
0.6402499221057998 7.9315913309274535
0.6419015413555897 7.947203960149579
0.6435531606053796 8.004901526023565
0.6452047798551694 7.982422948527526
0.6468563991049594 8.027865157919193
0.6485080183547492 7.947325099272213
0.6501596376045391 8.041767727637415
0.651811256854329 8.0514256689015
0.6534628761041188 8.035623469277022
0.6551144953539088 8.103470051188152
0.6567661146036986 8.14371499536078
0.6584177338534885 8.106344375294201
0.6600693531032784 8.190774653575541
0.6617209723530683 8.04590800364821
0.6633725916028581 8.278211832449971
0.665024210852648 8.431713348136174
0.6666758301024378 8.349124639805881
0.6683274493522278 8.454985790333945
0.6699790686020176 8.41697625568254
0.6716306878518075 8.476734977417264
0.6732823071015974 8.490099750969135
0.6749339263513873 8.336063342892958
0.6765855456011771 8.468116768203584
0.678237164850967 8.431410764367284
0.6798887841007568 8.46433172024572
0.6815404033505468 8.466696215864031
0.6831920226003366 8.45197350567614
0.6848436418501265 8.462688112258695
0.6864952610999164 8.516369060558857
0.6881468803497063 8.563149510151623
0.6897984995994961 8.581970103727242
0.691450118849286 8.380950526307528
0.6931017380990758 8.409460165814378
0.6947533573488658 8.532513095687886
0.6964049765986556 8.458368964763569
0.6980565958484455 8.462687762711221
0.6997082150982354 8.523449505097712
0.7013598343480253 8.341484570168896
0.7030114535978151 8.547367817302352
0.704663072847605 8.442980720090063
0.7063146920973948 8.370167834990047
0.7079663113471848 8.464112054756308
0.7096179305969746 8.49369823163701
0.7112695498467645 8.38946426567158
0.7129211690965545 8.384773711629471
0.7145727883463443 8.47303624686601
0.7162244075961341 8.39928326186714
0.717876026845924 8.50237496423823
0.7195276460957138 8.444275630561071
0.7211792653455038 8.550686344782905
0.7228308845952937 8.500733576509617
0.7244825038450835 8.586839868608367
0.7261341230948735 8.590384073936503
0.7277857423446633 8.569400431084086
0.7294373615944532 8.481092666980556
0.731088980844243 8.599157935004405
0.7327406000940329 8.573238869967506
0.7343922193438228 8.636406266867736
0.7360438385936127 8.5453968511561
0.7376954578434025 8.647621052864233
0.7393470770931925 8.696323101749924
0.7409986963429823 8.578938623650066
0.7426503155927722 8.747066825206936
0.744301934842562 8.814650055083394
0.7459535540923519 8.664727094498204
0.7476051733421418 8.725982010113393
0.7492567925919317 8.80595710108169
0.7509084118417215 8.695091621751926
0.7525600310915115 8.743151379191156
0.7542116503413013 8.712232921863318
0.7558632695910912 8.633765958990693
0.757514888840881 8.691559442190036
0.7591665080906709 8.854371568992347
0.7608181273404608 8.669299623999715
0.7624697465902507 8.700461065542033
0.7641213658400405 8.645567720779985
0.7657729850898305 8.604950528978499
0.7674246043396203 8.620319184227428
0.7690762235894102 8.658082176289858
0.7707278428392 8.633261805523022
0.7723794620889899 8.51608445883082
0.7740310813387798 8.545464097969417
0.7756827005885697 8.583935531073008
0.7773343198383595 8.680989756966271
0.7789859390881495 8.589038830174305
0.7806375583379394 8.470625715759217
0.7822891775877292 8.502446493428023
0.783940796837519 8.428635362942503
0.7855924160873089 8.434936064323491
0.7872440353370989 8.453169874278005
0.7888956545868887 8.527910885870657
0.7905472738366786 8.458291015652419
0.7921988930864685 8.43552890249529
0.7938505123362584 8.346035848648034
0.7955021315860482 8.224222167238791
0.7971537508358381 8.383888862848673
0.7988053700856279 8.203198168205894
0.8004569893354179 8.22769630194198
0.8021086085852077 8.19550192066231
0.8037602278349976 8.131237172485772
0.8054118470847875 8.18135358504926
0.8070634663345774 8.136508500896303
0.8087150855843672 8.203112211879535
0.8103667048341571 8.056681759820462
0.8120183240839469 8.218746871512089
0.8136699433337369 8.108100674406684
0.8153215625835267 8.060858108888674
0.8169731818333166 8.02802381199456
0.8186248010831065 8.211579580654062
0.8202764203328964 8.130197015480626
0.8219280395826862 8.05627854454588
0.8235796588324761 8.098686118233196
0.8252312780822659 8.070863317332774
0.8268828973320559 8.039363880320954
0.8285345165818457 8.01554593034677
0.8301861358316356 7.939415956766393
0.8318377550814255 7.974965842817786
0.8334893743312154 8.126817881449167
0.8351409935810052 8.193358565801502
0.8367926128307951 8.10915569473277
0.8384442320805849 8.001420830116619
0.8400958513303749 8.103796147735764
0.8417474705801647 8.045877868289029
0.8433990898299546 8.19562699706478
0.8450507090797446 8.078111497392856
0.8467023283295344 8.14620374541022
0.8483539475793243 8.113120378365736
0.8500055668291141 8.113534187015281
0.851657186078904 8.070235283022848
0.8533088053286939 8.066869651482252
0.8549604245784838 8.09725138978246
0.8566120438282736 8.048944711723383
0.8582636630780636 8.222215261110346
0.8599152823278534 8.078374688754911
0.8615669015776433 8.041181993734176
0.8632185208274331 8.067149060305537
0.864870140077223 8.084577762002114
0.8665217593270129 8.000871266282482
0.8681733785768028 8.039433177172826
0.8698249978265926 7.925236781640621
0.8714766170763826 7.996859735677864
0.8731282363261724 8.125421074321638
0.8747798555759623 7.967336730231571
0.8764314748257521 7.965053636997284
0.878083094075542 7.869376312099135
0.8797347133253319 7.918653993644318
0.8813863325751218 7.832492716438406
0.8830379518249116 7.930694439750116
0.8846895710747016 7.728107993945654
0.8863411903244914 7.741849229241373
0.8879928095742813 7.706215129345205
0.8896444288240711 7.765304262067579
0.891296048073861 7.671884670701276
0.8929476673236509 7.565146771227038
0.8945992865734408 7.694375114780058
0.8962509058232306 7.546890913666337
0.8979025250730206 7.48226626516194
0.8995541443228104 7.409357814366613
0.9012057635726003 7.468268544569581
0.9028573828223901 7.406472511218469
0.90450900207218 7.346837358961864
0.90616062132197 7.433541406459142
0.9078122405717598 7.287472611369797
0.9094638598215496 7.27232729615573
0.9111154790713396 7.101108027045873
0.9127670983211295 7.290512470731436
0.9144187175709193 7.2189500719826825
0.9160703368207092 7.1648600146059
0.917721956070499 7.093025914438094
0.919373575320289 7.000059177756018
0.9210251945700788 7.043449038480535
0.9226768138198687 7.0791292562105
0.9243284330696586 6.969800492476869
0.9259800523194485 6.928316011281426
0.9276316715692383 6.806290226970425
0.9292832908190282 6.8434661760037905
0.930934910068818 6.878330571093159
0.932586529318608 6.874565394949267
0.9342381485683978 6.752107382404825
0.9358897678181877 6.868016973262842
0.9375413870679776 6.773318779366747
0.9391930063177675 6.805934512823141
0.9408446255675573 6.807111318271749
0.9424962448173472 6.8067711594397675
0.944147864067137 6.760114939650993
0.945799483316927 6.714407593355228
0.9474511025667168 6.805026986516443
0.9491027218165067 6.871362604350509
0.9507543410662966 6.761426382539231
0.9524059603160865 6.929410123200054
0.9540575795658763 6.897828681146537
0.9557091988156662 6.943111679611656
0.957360818065456 6.880549568348943
0.959012437315246 7.030180102393421
0.9606640565650358 7.153794374962702
0.9623156758148257 7.189212230900056
0.9639672950646156 7.373865235083311
0.9656189143144055 7.58617476712147
0.9672705335641953 7.627251841660335
0.9689221528139852 7.975291073665531
0.970573772063775 8.052146220641133
0.972225391313565 8.391566909995005
0.9738770105633549 8.455177594367777
0.9755286298131447 9.031716209528366
0.9771802490629347 9.638213838801244
0.9788318683127245 10.486808379845554
0.9804834875625144 11.363299307941
0.9821351068123042 11.33291641312213
0.985438345311884 11.9587668351976
